-1.000000000000000000e+01 5.440211108893697745e-01
-9.979979979979979987e+00 5.271149856654234744e-01
-9.959959959959959974e+00 5.099975991781289242e-01
-9.939939939939939961e+00 4.926758118674142706e-01
-9.919919919919919948e+00 4.751565660945675229e-01
-9.899899899899899935e+00 4.574468833598220874e-01
-9.879879879879879923e+00 4.395538614882251727e-01
-9.859859859859859910e+00 4.214846717849161650e-01
-9.839839839839839897e+00 4.032465561609546167e-01
-9.819819819819819884e+00 3.848468242308508702e-01
-9.799799799799799871e+00 3.662928503829614435e-01
-9.779779779779779858e+00 3.475920708239240708e-01
-9.759759759759759845e+00 3.287519805983165622e-01
-9.739739739739739832e+00 3.097801305847344699e-01
-9.719719719719719819e+00 2.906841244694909898e-01
-9.699699699699699806e+00 2.714716156991517915e-01
-9.679679679679679793e+00 2.521503044131273019e-01
-9.659659659659659781e+00 2.327279343575503756e-01
-9.639639639639639768e+00 2.132122897816773610e-01
-9.619619619619619755e+00 1.936111923180557359e-01
-9.599599599599599742e+00 1.739324978477091721e-01
-9.579579579579579729e+00 1.541840933515961076e-01
-9.559559559559559716e+00 1.343738937496038732e-01
-9.539539539539539703e+00 1.145098387283453312e-01
-9.519519519519519690e+00 9.459988955902906560e-02
-9.499499499499499677e+00 7.465202590667903426e-02
-9.479479479479479664e+00 5.467424263198199935e-02
-9.459459459459459651e+00 3.467454658704476750e-02
-9.439439439439439639e+00 1.466095340634547030e-02
-9.419419419419419626e+00 -5.358515705835087753e-03
-9.399399399399399613e+00 -2.537583719021436687e-02
-9.379379379379379600e+00 -4.538298834825287009e-02
-9.359359359359359587e+00 -6.537195055755400108e-02
-9.339339339339339574e+00 -8.533471248563014033e-02
-9.319319319319319561e+00 -1.052632733007471677e-01
-9.299299299299299548e+00 -1.251496458785602839e-01
-9.279279279279279535e+00 -1.449858600032561395e-01
-9.259259259259259522e+00 -1.647639655619182186e-01
-9.239239239239239510e+00 -1.844760357308351806e-01
-9.219219219219219497e+00 -2.041141701524753216e-01
-9.199199199199199484e+00 -2.236704981018534655e-01
-9.179179179179179471e+00 -2.431371816410217712e-01
-9.159159159159159458e+00 -2.625064187604196353e-01
-9.139139139139139445e+00 -2.817704465058241126e-01
-9.119119119119119432e+00 -3.009215440896473859e-01
-9.099099099099099419e+00 -3.199520359853344487e-01
-9.079079079079079406e+00 -3.388542950036202983e-01
-9.059059059059059393e+00 -3.576207453494149036e-01
-9.039039039039039380e+00 -3.762438656580892049e-01
-9.019019019019019368e+00 -3.947161920099465093e-01
-8.998998998998999355e+00 -4.130303209216707461e-01
-8.978978978978979342e+00 -4.311789123135519874e-01
-8.958958958958959329e+00 -4.491546924513014627e-01
-8.938938938938939316e+00 -4.669504568612750095e-01
-8.918918918918919303e+00 -4.845590732179390070e-01
-8.898898898898899290e+00 -5.019734842024189403e-01
-8.878878878878879277e+00 -5.191867103309871778e-01
-8.858858858858859264e+00 -5.361918527523549249e-01
-8.838838838838839251e+00 -5.529820960126476947e-01
-8.818818818818819238e+00 -5.695507107869561825e-01
-8.798798798798799226e+00 -5.858910565763677525e-01
-8.778778778778779213e+00 -6.019965843693972918e-01
-8.758758758758759200e+00 -6.178608392667517268e-01
-8.738738738738739187e+00 -6.334774630683743801e-01
-8.718718718718719174e+00 -6.488401968217344384e-01
-8.698698698698699161e+00 -6.639428833303386845e-01
-8.678678678678679148e+00 -6.787794696214610735e-01
-8.658658658658659135e+00 -6.933440093721001674e-01
-8.638638638638639122e+00 -7.076306652921932061e-01
-8.618618618618619109e+00 -7.216337114641304673e-01
-8.598598598598599096e+00 -7.353475356376337757e-01
-8.578578578578579084e+00 -7.487666414790774549e-01
-8.558558558558559071e+00 -7.618856507743523299e-01
-8.538538538538539058e+00 -7.746993055843883758e-01
-8.518518518518519045e+00 -7.872024703524722611e-01
-8.498498498498499032e+00 -7.993901339625163471e-01
-8.478478478478479019e+00 -8.112574117474524726e-01
-8.458458458458459006e+00 -8.227995474469474990e-01
-8.438438438438438993e+00 -8.340119151136543563e-01
-8.418418418418418980e+00 -8.448900209672349781e-01
-8.398398398398398967e+00 -8.554295051954132756e-01
-8.378378378378378954e+00 -8.656261437013342830e-01
-8.358358358358358942e+00 -8.754758497965312580e-01
-8.338338338338338929e+00 -8.849746758388200574e-01
-8.318318318318318916e+00 -8.941188148144662007e-01
-8.298298298298298903e+00 -9.029046018639897975e-01
-8.278278278278278890e+00 -9.113285157509964929e-01
-8.258258258258258877e+00 -9.193871802734457921e-01
-8.238238238238238864e+00 -9.270773656167921040e-01
-8.218218218218218851e+00 -9.343959896484549388e-01
-8.198198198198198838e+00 -9.413401191531000078e-01
-8.178178178178178825e+00 -9.479069710082360656e-01
-8.158158158158158813e+00 -9.540939132996569816e-01
-8.138138138138138800e+00 -9.598984663762801794e-01
-8.118118118118118787e+00 -9.653183038439612229e-01
-8.098098098098098774e+00 -9.703512534978838699e-01
-8.078078078078078761e+00 -9.749952981931534479e-01
-8.058058058058058748e+00 -9.792485766532438296e-01
-8.038038038038038735e+00 -9.831093842159744911e-01
-8.018018018018018722e+00 -9.865761735167184465e-01
-7.997997997997997821e+00 -9.896475551085667233e-01
-7.977977977977977808e+00 -9.923222980192021314e-01
-7.957957957957957795e+00 -9.945993302442578399e-01
-7.937937937937937782e+00 -9.964777391769638060e-01
-7.917917917917917769e+00 -9.979567719739081966e-01
-7.897897897897897757e+00 -9.990358358567682506e-01
-7.877877877877877744e+00 -9.997144983498877924e-01
-7.857857857857857731e+00 -9.999924874536093578e-01
-7.837837837837837718e+00 -9.998696917532874373e-01
-7.817817817817817705e+00 -9.993461604639423124e-01
-7.797797797797797692e+00 -9.984221034105357218e-01
-7.777777777777777679e+00 -9.970978909438747984e-01
-7.757757757757757666e+00 -9.953740537921808018e-01
-7.737737737737737653e+00 -9.932512828483790468e-01
-7.717717717717717640e+00 -9.907304288931978453e-01
-7.697697697697697627e+00 -9.878125022541857092e-01
-7.677677677677677615e+00 -9.844986724007847023e-01
-7.657657657657657602e+00 -9.807902674756208139e-01
-7.637637637637637589e+00 -9.766887737622012011e-01
-7.617617617617617576e+00 -9.721958350892293543e-01
-7.597597597597597563e+00 -9.673132521717788812e-01
-7.577577577577577550e+00 -9.620429818895888108e-01
-7.557557557557557537e+00 -9.563871365027696303e-01
-7.537537537537537524e+00 -9.503479828052361356e-01
-7.517517517517517511e+00 -9.439279412162028260e-01
-7.497497497497497498e+00 -9.371295848101103276e-01
-7.477477477477477485e+00 -9.299556382853682024e-01
-7.457457457457457473e+00 -9.224089768723288119e-01
-7.437437437437437460e+00 -9.144926251809302187e-01
-7.417417417417417447e+00 -9.062097559884696452e-01
-7.397397397397397434e+00 -8.975636889679922126e-01
-7.377377377377377421e+00 -8.885578893578074400e-01
-7.357357357357357408e+00 -8.791959665726631901e-01
-7.337337337337337395e+00 -8.694816727571366144e-01
-7.317317317317317382e+00 -8.594189012818199691e-01
-7.297297297297297369e+00 -8.490116851829055955e-01
-7.277277277277277356e+00 -8.382641955457936778e-01
-7.257257257257257343e+00 -8.271807398333727024e-01
-7.237237237237237331e+00 -8.157657601596397523e-01
-7.217217217217217318e+00 -8.040238315093564125e-01
-7.197197197197197305e+00 -7.919596599044502749e-01
-7.177177177177177292e+00 -7.795780805178981199e-01
-7.157157157157157279e+00 -7.668840557358485022e-01
-7.137137137137137266e+00 -7.538826731687571225e-01
-7.117117117117117253e+00 -7.405791436123346783e-01
-7.097097097097097240e+00 -7.269787989591235400e-01
-7.077077077077077227e+00 -7.130870900615404739e-01
-7.057057057057057214e+00 -6.989095845472408364e-01
-7.037037037037037202e+00 -6.844519645876814273e-01
-7.017017017017017189e+00 -6.697200246207758445e-01
-6.996996996996997176e+00 -6.547196690285537191e-01
-6.976976976976977163e+00 -6.394569097707567540e-01
-6.956956956956957150e+00 -6.239378639753185851e-01
-6.936936936936937137e+00 -6.081687514866941369e-01
-6.916916916916917124e+00 -5.921558923730217971e-01
-6.896896896896897111e+00 -5.759057043931175013e-01
-6.876876876876877098e+00 -5.594247004243145804e-01
-6.856856856856857085e+00 -5.427194858521823262e-01
-6.836836836836837072e+00 -5.257967559231681021e-01
-6.816816816816817060e+00 -5.086632930612235981e-01
-6.796796796796797047e+00 -4.913259641494921448e-01
-6.776776776776776146e+00 -4.737917177781452716e-01
-6.756756756756756133e+00 -4.560675814594749578e-01
-6.736736736736736120e+00 -4.381606588113480250e-01
-6.716716716716716107e+00 -4.200781267101656447e-01
-6.696696696696696094e+00 -4.018272324144579466e-01
-6.676676676676676081e+00 -3.834152906602711908e-01
-6.656656656656656068e+00 -3.648496807295105171e-01
-6.636636636636636055e+00 -3.461378434924139436e-01
-6.616616616616616042e+00 -3.272872784253419431e-01
-6.596596596596596029e+00 -3.083055406050789204e-01
-6.576576576576576016e+00 -2.892002376808503472e-01
-6.556556556556556004e+00 -2.699790268252698078e-01
-6.536536536536535991e+00 -2.506496116654374218e-01
-6.516516516516515978e+00 -2.312197391954198544e-01
-6.496496496496495965e+00 -2.116971966713498132e-01
-6.476476476476475952e+00 -1.920898084903883418e-01
-6.456456456456455939e+00 -1.724054330548019653e-01
-6.436436436436435926e+00 -1.526519596224107655e-01
-6.416416416416415913e+00 -1.328373051446700148e-01
-6.396396396396395900e+00 -1.129694110936524110e-01
-6.376376376376375887e+00 -9.305624027920295083e-02
-6.356356356356355874e+00 -7.310577365754167278e-02
-6.336336336336335862e+00 -5.312600713259371665e-02
-6.316316316316315849e+00 -3.312494835132845372e-02
-6.296296296296295836e+00 -1.311061349439211418e-02
-6.276276276276275823e+00 6.908975936679696839e-03
-6.256256256256255810e+00 2.692579633438209330e-02
-6.236236236236235797e+00 4.693182520100502159e-02
-6.216216216216215784e+00 6.691904436395258726e-02
-6.196196196196195771e+00 8.687944318932892818e-02
-6.176176176176175758e+00 1.068050217925027023e-01
-6.156156156156155745e+00 1.266877942443632998e-01
-6.136136136136135732e+00 1.465197917719839871e-01
-6.116116116116115720e+00 1.662930659524089749e-01
-6.096096096096095707e+00 1.859996918982844694e-01
-6.076076076076075694e+00 2.056317714340569758e-01
-6.056056056056055681e+00 2.251814362614658616e-01
-6.036036036036035668e+00 2.446408511130613306e-01
-6.016016016016015655e+00 2.640022168924842094e-01
-5.995995995995995642e+00 2.832577738002486911e-01
-5.975975975975975629e+00 3.023998044437755106e-01
-5.955955955955955616e+00 3.214206369304287714e-01
-5.935935935935935603e+00 3.403126479423170259e-01
-5.915915915915915591e+00 3.590682657916262066e-01
-5.895895895895895578e+00 3.776799734552598875e-01
-5.875875875875875565e+00 3.961403115875705150e-01
-5.855855855855855552e+00 4.144418815099742415e-01
-5.835835835835835539e+00 4.325773481762511530e-01
-5.815815815815815526e+00 4.505394431123423971e-01
-5.795795795795795513e+00 4.683209673294660980e-01
-5.775775775775775500e+00 4.859147942093841599e-01
-5.755755755755755487e+00 5.033138723606643827e-01
-5.735735735735735474e+00 5.205112284447916959e-01
-5.715715715715715461e+00 5.374999699709978040e-01
-5.695695695695695449e+00 5.542732880586871413e-01
-5.675675675675675436e+00 5.708244601663532425e-01
-5.655655655655655423e+00 5.871468527858918485e-01
-5.635635635635635410e+00 6.032339241012296682e-01
-5.615615615615615397e+00 6.190792266102048691e-01
-5.595595595595595384e+00 6.346764097086470269e-01
-5.575575575575575371e+00 6.500192222356223626e-01
-5.555555555555555358e+00 6.651015149788224168e-01
-5.535535535535535345e+00 6.799172431390939630e-01
-5.515515515515515332e+00 6.944604687531200637e-01
-5.495495495495495319e+00 7.087253630732842646e-01
-5.475475475475475307e+00 7.227062089037610271e-01
-5.455455455455455294e+00 7.363974028918982562e-01
-5.435435435435435281e+00 7.497934577739731044e-01
-5.415415415415415268e+00 7.628890045744201043e-01
-5.395395395395395255e+00 7.756787947576508913e-01
-5.375375375375375242e+00 7.881577023316039821e-01
-5.355355355355355229e+00 8.003207259021795084e-01
-5.335335335335335216e+00 8.121629906777370067e-01
-5.315315315315315203e+00 8.236797504228526856e-01
-5.295295295295295190e+00 8.348663893605526853e-01
-5.275275275275275177e+00 8.457184240222601623e-01
-5.255255255255255165e+00 8.562315050447147913e-01
-5.235235235235235152e+00 8.664014189131451493e-01
-5.215215215215215139e+00 8.762240896499932097e-01
-5.195195195195195126e+00 8.856955804485170392e-01
-5.175175175175175113e+00 8.948120952506150028e-01
-5.155155155155155100e+00 9.035699802682392034e-01
-5.135135135135135087e+00 9.119657254477897546e-01
-5.115115115115115074e+00 9.199959658769008009e-01
-5.095095095095095061e+00 9.276574831330571813e-01
-5.075075075075075048e+00 9.349472065734982795e-01
-5.055055055055055035e+00 9.418622145658945843e-01
-5.035035035035035023e+00 9.483997356593021344e-01
-5.015015015015015010e+00 9.545571496949267765e-01
-4.994994994994994997e+00 9.603319888562510398e-01
-4.974974974974974984e+00 9.657219386581056275e-01
-4.954954954954954971e+00 9.707248388742866219e-01
-4.934934934934934958e+00 9.753386844033478109e-01
-4.914914914914914945e+00 9.795616260722209701e-01
-4.894894894894894932e+00 9.833919713773418003e-01
-4.874874874874874919e+00 9.868281851629848722e-01
-4.854854854854854906e+00 9.898688902365352371e-01
-4.834834834834834894e+00 9.925128679204504589e-01
-4.814814814814814881e+00 9.947590585406916874e-01
-4.794794794794794868e+00 9.966065618514282631e-01
-4.774774774774774855e+00 9.980546373958451012e-01
-4.754754754754754842e+00 9.991027048029088586e-01
-4.734734734734734829e+00 9.997503440199734248e-01
-4.714714714714714816e+00 9.999972954811321424e-01
-4.694694694694694803e+00 9.998434602112484804e-01
-4.674674674674674790e+00 9.992888998656241917e-01
-4.654654654654654777e+00 9.983338367052883022e-01
-4.634634634634634764e+00 9.969786535079181444e-01
-4.614614614614614752e+00 9.952238934144262972e-01
-4.594594594594594739e+00 9.930702597112764929e-01
-4.574574574574574726e+00 9.905186155486146449e-01
-4.554554554554554713e+00 9.875699835943295701e-01
-4.534534534534534700e+00 9.842255456241792988e-01
-4.514514514514514687e+00 9.804866420481502809e-01
-4.494494494494494674e+00 9.763547713732371180e-01
-4.474474474474474661e+00 9.718315896028593137e-01
-4.454454454454454648e+00 9.669189095731556272e-01
-4.434434434434434635e+00 9.616187002264205974e-01
-4.414414414414414622e+00 9.559330858219774463e-01
-4.394394394394394610e+00 9.498643450847999992e-01
-4.374374374374374597e+00 9.434149102922280150e-01
-4.354354354354354584e+00 9.365873662991399673e-01
-4.334334334334334571e+00 9.293844495019744079e-01
-4.314314314314314558e+00 9.218090467420161360e-01
-4.294294294294294545e+00 9.138641941483847120e-01
-4.274274274274274532e+00 9.055530759211916081e-01
-4.254254254254254519e+00 8.968790230553510545e-01
-4.234234234234234506e+00 8.878455120055582794e-01
-4.214214214214214493e+00 8.784561632929683839e-01
-4.194194194194194480e+00 8.687147400541361808e-01
-4.174174174174174468e+00 8.586251465327962018e-01
-4.154154154154154455e+00 8.481914265150899412e-01
-4.134134134134134442e+00 8.374177617088655046e-01
-4.114114114114114429e+00 8.263084700676998073e-01
-4.094094094094094416e+00 8.148680040603157870e-01
-4.074074074074074403e+00 8.031009488860867407e-01
-4.054054054054054390e+00 7.910120206373448815e-01
-4.034034034034034377e+00 7.786060644092284155e-01
-4.014014014014014364e+00 7.658880523578266430e-01
-3.993993993993994351e+00 7.528630817074006831e-01
-3.973973973973974338e+00 7.395363727074777405e-01
-3.953953953953954326e+00 7.259132665406387019e-01
-3.933933933933934313e+00 7.119992231818373929e-01
-3.913913913913914300e+00 6.977998192101091401e-01
-3.893893893893894287e+00 6.833207455735458291e-01
-3.873873873873874274e+00 6.685678053084331829e-01
-3.853853853853854261e+00 6.535469112134646430e-01
-3.833833833833834248e+00 6.382640834799634399e-01
-3.813813813813814235e+00 6.227254472790638706e-01
-3.793793793793794222e+00 6.069372303068164554e-01
-3.773773773773774209e+00 5.909057602882039628e-01
-3.753753753753754197e+00 5.746374624410661713e-01
-3.733733733733734184e+00 5.581388569009506639e-01
-3.713713713713714171e+00 5.414165561079220534e-01
-3.693693693693694158e+00 5.244772621563765780e-01
-3.673673673673674145e+00 5.073277641089245504e-01
-3.653653653653654132e+00 4.899749352754161902e-01
-3.633633633633634119e+00 4.724257304582036299e-01
-3.613613613613614106e+00 4.546871831647401052e-01
-3.593593593593594093e+00 4.367664027886363209e-01
-3.573573573573573192e+00 4.186705717603011467e-01
-3.553553553553553179e+00 4.004069426683142807e-01
-3.533533533533533166e+00 3.819828353526723008e-01
-3.513513513513513153e+00 3.634056339710892702e-01
-3.493493493493493141e+00 3.446827840395152998e-01
-3.473473473473473128e+00 3.258217894480647248e-01
-3.453453453453453115e+00 3.068302094535482194e-01
-3.433433433433433102e+00 2.877156556498147721e-01
-3.413413413413413089e+00 2.684857889171177181e-01
-3.393393393393393076e+00 2.491483163517272670e-01
-3.373373373373373063e+00 2.297109881770200979e-01
-3.353353353353353050e+00 2.101815946372844190e-01
-3.333333333333333037e+00 1.905679628754849420e-01
-3.313313313313313024e+00 1.708779537962392958e-01
-3.293293293293293011e+00 1.511194589152632939e-01
-3.273273273273272999e+00 1.313003971965476246e-01
-3.253253253253252986e+00 1.114287118785334402e-01
-3.233233233233232973e+00 9.151236729055936547e-02
-3.213213213213212960e+00 7.155934566085520032e-02
-3.193193193193192947e+00 5.157764391736219256e-02
-3.173173173173172934e+00 3.157527048266169784e-02
-3.153153153153152921e+00 1.156024206429702959e-02
-3.133133133133132908e+00 -8.459419558225232672e-03
-3.113113113113112895e+00 -2.847569074846674833e-02
-3.093093093093092882e+00 -4.848054922883312384e-02
-3.073073073073072869e+00 -6.846597729580501668e-02
-3.053053053053052857e+00 -8.842396503333602165e-02
-3.033033033033032844e+00 -1.083465135231293786e-01
-3.013013013013012831e+00 -1.282256380505070459e-01
-2.992992992992992818e+00 -1.480533713045859567e-01
-2.972972972972972805e+00 -1.678217665714792084e-01
-2.952952952952952792e+00 -1.875229009192420915e-01
-2.932932932932932779e+00 -2.071488783732867156e-01
-2.912912912912912766e+00 -2.266918330809924442e-01
-2.892892892892892753e+00 -2.461439324642437088e-01
-2.872872872872872740e+00 -2.654973803586318515e-01
-2.852852852852852727e+00 -2.847444201380630591e-01
-2.832832832832832715e+00 -3.038773378235191669e-01
-2.812812812812812702e+00 -3.228884651747269130e-01
-2.792792792792792689e+00 -3.417701827634948009e-01
-2.772772772772772676e+00 -3.605149230274874439e-01
-2.752752752752752663e+00 -3.791151733032119830e-01
-2.732732732732732650e+00 -3.975634788370023265e-01
-2.712712712712712637e+00 -4.158524457727935109e-01
-2.692692692692692624e+00 -4.339747441154890861e-01
-2.672672672672672611e+00 -4.519231106687339183e-01
-2.652652652652652598e+00 -4.696903519459145193e-01
-2.632632632632632586e+00 -4.872693470532212801e-01
-2.612612612612612573e+00 -5.046530505436156444e-01
-2.592592592592592560e+00 -5.218344952405592485e-01
-2.572572572572572547e+00 -5.388067950303738751e-01
-2.552552552552552534e+00 -5.555631476221116749e-01
-2.532532532532532521e+00 -5.720968372738302055e-01
-2.512512512512512508e+00 -5.884012374841804949e-01
-2.492492492492492495e+00 -6.044698136482276052e-01
-2.472472472472472482e+00 -6.202961256764409903e-01
-2.452452452452452469e+00 -6.358738305758034892e-01
-2.432432432432432456e+00 -6.511966849920062250e-01
-2.412412412412412444e+00 -6.662585477117084487e-01
-2.392392392392392431e+00 -6.810533821238611285e-01
-2.372372372372372418e+00 -6.955752586391072967e-01
-2.352352352352352405e+00 -7.098183570662889297e-01
-2.332332332332332392e+00 -7.237769689451087896e-01
-2.312312312312312379e+00 -7.374454998340118639e-01
-2.292292292292292366e+00 -7.508184715523693598e-01
-2.272272272272272353e+00 -7.638905243760661934e-01
-2.252252252252252340e+00 -7.766564191856140109e-01
-2.232232232232232327e+00 -7.891110395659257648e-01
-2.212212212212212314e+00 -8.012493938569127394e-01
-2.192192192192192302e+00 -8.130666171540814613e-01
-2.172172172172172289e+00 -8.245579732583272481e-01
-2.152152152152152276e+00 -8.357188565741460184e-01
-2.132132132132132263e+00 -8.465447939555004186e-01
-2.112112112112112250e+00 -8.570314464986021896e-01
-2.092092092092092237e+00 -8.671746112808920159e-01
-2.072072072072072224e+00 -8.769702230455200809e-01
-2.052052052052052211e+00 -8.864143558306506465e-01
-2.032032032032032198e+00 -8.955032245429405124e-01
-2.012012012012012185e+00 -9.042331864745576375e-01
-1.991991991991991284e+00 -9.126007427631350755e-01
-1.971971971971971271e+00 -9.206025397940704735e-01
-1.951951951951951258e+00 -9.282353705446162451e-01
-1.931931931931931246e+00 -9.354961758692136309e-01
-1.911911911911911233e+00 -9.423820457255618344e-01
-1.891891891891891220e+00 -9.488902203409267377e-01
-1.871871871871871207e+00 -9.550180913182246822e-01
-1.851851851851851194e+00 -9.607632026814363346e-01
-1.831831831831831181e+00 -9.661232518599315311e-01
-1.811811811811811168e+00 -9.710960906113119684e-01
-1.791791791791791155e+00 -9.756797258823999286e-01
-1.771771771771771142e+00 -9.798723206080307557e-01
-1.751751751751751129e+00 -9.836721944473250101e-01
-1.731731731731731116e+00 -9.870778244571496440e-01
-1.711711711711711104e+00 -9.900878457024944179e-01
-1.691691691691691091e+00 -9.927010518035210840e-01
-1.671671671671671078e+00 -9.949163954190666237e-01
-1.651651651651651065e+00 -9.967329886664036964e-01
-1.631631631631631052e+00 -9.981501034770940972e-01
-1.611611611611611039e+00 -9.991671718887893405e-01
-1.591591591591591026e+00 -9.997837862728629066e-01
-1.571571571571571013e+00 -9.999996994977832232e-01
-1.551551551551551000e+00 -9.998148250281604366e-01
-1.531531531531530987e+00 -9.992292369594295565e-01
-1.511511511511510975e+00 -9.982431699881529896e-01
-1.491491491491490962e+00 -9.968570193179574490e-01
-1.471471471471470949e+00 -9.950713405011415436e-01
-1.451451451451450936e+00 -9.928868492160163317e-01
-1.431431431431430923e+00 -9.903044209800708764e-01
-1.411411411411410910e+00 -9.873250907990752667e-01
-1.391391391391390897e+00 -9.839500527522627715e-01
-1.371371371371370884e+00 -9.801806595137576572e-01
-1.351351351351350871e+00 -9.760184218104397402e-01
-1.331331331331330858e+00 -9.714650078164637215e-01
-1.311311311311310845e+00 -9.665222424846747762e-01
-1.291291291291290833e+00 -9.611921068151902947e-01
-1.271271271271270820e+00 -9.554767370614387634e-01
-1.251251251251250807e+00 -9.493784238739755299e-01
-1.231231231231230794e+00 -9.428996113824181791e-01
-1.211211211211210781e+00 -9.360428962158688915e-01
-1.191191191191190768e+00 -9.288110264622171375e-01
-1.171171171171170755e+00 -9.212069005667397059e-01
-1.151151151151150742e+00 -9.132335661704390484e-01
-1.131131131131130729e+00 -9.048942188885861215e-01
-1.111111111111110716e+00 -8.961922010299561148e-01
-1.091091091091090703e+00 -8.871310002572727615e-01
-1.071071071071070691e+00 -8.777142481893948078e-01
-1.051051051051050678e+00 -8.679457189458076316e-01
-1.031031031031030665e+00 -8.578293276340024365e-01
-1.011011011011010652e+00 -8.473691287803486460e-01
-9.909909909909906389e-01 -8.365693147050888845e-01
-9.709709709709706260e-01 -8.254342138421086883e-01
-9.509509509509506131e-01 -8.139682890041524121e-01
-9.309309309309306002e-01 -8.021761355941827709e-01
-9.109109109109105873e-01 -7.900624797635987795e-01
-8.908908908908905744e-01 -7.776321765180521650e-01
-8.708708708708705615e-01 -7.648902077716202008e-01
-8.508508508508505486e-01 -7.518416803501155599e-01
-8.308308308308305357e-01 -7.384918239443319932e-01
-8.108108108108105228e-01 -7.248459890140487305e-01
-7.907907907907905098e-01 -7.109096446436311556e-01
-7.707707707707704969e-01 -6.966883763500881788e-01
-7.507507507507504840e-01 -6.821878838444654924e-01
-7.307307307307304711e-01 -6.674139787474705487e-01
-7.107107107107104582e-01 -6.523725822602459701e-01
-6.906906906906904453e-01 -6.370697227912239802e-01
-6.706706706706704324e-01 -6.215115335400143159e-01
-6.506506506506504195e-01 -6.057042500392918472e-01
-6.306306306306304066e-01 -5.896542076556716694e-01
-6.106106106106103937e-01 -5.733678390505710931e-01
-5.905905905905903808e-01 -5.568516716020772694e-01
-5.705705705705703679e-01 -5.401123247888537371e-01
-5.505505505505503550e-01 -5.231565075371340523e-01
-5.305305305305303420e-01 -5.059910155318657621e-01
-5.105105105105103291e-01 -4.886227284930825254e-01
-4.904904904904903162e-01 -4.710586074185967864e-01
-4.704704704704703033e-01 -4.533056917941158948e-01
-4.504504504504502904e-01 -4.353710967719026104e-01
-4.304304304304302775e-01 -4.172620103191083674e-01
-4.104104104104102646e-01 -3.989856903369239371e-01
-3.903903903903902517e-01 -3.805494617517009015e-01
-3.703703703703702388e-01 -3.619607135792103358e-01
-3.503503503503502259e-01 -3.432268959632155392e-01
-3.303303303303302130e-01 -3.243555171895450839e-01
-3.103103103103102001e-01 -3.053541406768633393e-01
-2.902902902902901872e-01 -2.862303819453443920e-01
-2.702702702702701743e-01 -2.669919055644645600e-01
-2.502502502502501613e-01 -2.476464220811360473e-01
-2.302302302302301484e-01 -2.282016849294138672e-01
-2.102102102102101355e-01 -2.086654873230139595e-01
-1.901901901901901226e-01 -1.890456591318879775e-01
-1.701701701701701097e-01 -1.693500637441069656e-01
-1.501501501501500968e-01 -1.495865949143111440e-01
-1.301301301301300839e-01 -1.297631735999892066e-01
-1.101101101101100710e-01 -1.098877447868552154e-01
-9.009009009009005808e-02 -8.996827430459493347e-02
-7.007007007007004518e-02 -7.001274563425854969e-02
-5.005005005005003227e-02 -5.002915670857861069e-02
-3.003003003003001936e-02 -3.002551670649612758e-02
-1.001001001001000645e-02 -1.000984284317918069e-02
1.001001001001000645e-02 1.000984284317918069e-02
3.003003003003001936e-02 3.002551670649612758e-02
5.005005005005003227e-02 5.002915670857861069e-02
7.007007007007004518e-02 7.001274563425854969e-02
9.009009009009005808e-02 8.996827430459493347e-02
1.101101101101100710e-01 1.098877447868552154e-01
1.301301301301300839e-01 1.297631735999892066e-01
1.501501501501500968e-01 1.495865949143111440e-01
1.701701701701701097e-01 1.693500637441069656e-01
1.901901901901901226e-01 1.890456591318879775e-01
2.102102102102101355e-01 2.086654873230139595e-01
2.302302302302301484e-01 2.282016849294138672e-01
2.502502502502501613e-01 2.476464220811360473e-01
2.702702702702701743e-01 2.669919055644645600e-01
2.902902902902901872e-01 2.862303819453443920e-01
3.103103103103102001e-01 3.053541406768633393e-01
3.303303303303302130e-01 3.243555171895450839e-01
3.503503503503502259e-01 3.432268959632155392e-01
3.703703703703702388e-01 3.619607135792103358e-01
3.903903903903902517e-01 3.805494617517009015e-01
4.104104104104102646e-01 3.989856903369239371e-01
4.304304304304302775e-01 4.172620103191083674e-01
4.504504504504502904e-01 4.353710967719026104e-01
4.704704704704703033e-01 4.533056917941158948e-01
4.904904904904903162e-01 4.710586074185967864e-01
5.105105105105103291e-01 4.886227284930825254e-01
5.305305305305303420e-01 5.059910155318657621e-01
5.505505505505503550e-01 5.231565075371340523e-01
5.705705705705703679e-01 5.401123247888537371e-01
5.905905905905903808e-01 5.568516716020772694e-01
6.106106106106103937e-01 5.733678390505710931e-01
6.306306306306304066e-01 5.896542076556716694e-01
6.506506506506504195e-01 6.057042500392918472e-01
6.706706706706704324e-01 6.215115335400143159e-01
6.906906906906904453e-01 6.370697227912239802e-01
7.107107107107104582e-01 6.523725822602459701e-01
7.307307307307304711e-01 6.674139787474705487e-01
7.507507507507504840e-01 6.821878838444654924e-01
7.707707707707704969e-01 6.966883763500881788e-01
7.907907907907905098e-01 7.109096446436311556e-01
8.108108108108105228e-01 7.248459890140487305e-01
8.308308308308305357e-01 7.384918239443319932e-01
8.508508508508505486e-01 7.518416803501155599e-01
8.708708708708705615e-01 7.648902077716202008e-01
8.908908908908905744e-01 7.776321765180521650e-01
9.109109109109105873e-01 7.900624797635987795e-01
9.309309309309306002e-01 8.021761355941827709e-01
9.509509509509506131e-01 8.139682890041524121e-01
9.709709709709706260e-01 8.254342138421086883e-01
9.909909909909906389e-01 8.365693147050888845e-01
1.011011011011010652e+00 8.473691287803486460e-01
1.031031031031030665e+00 8.578293276340024365e-01
1.051051051051050678e+00 8.679457189458076316e-01
1.071071071071070691e+00 8.777142481893948078e-01
1.091091091091090703e+00 8.871310002572727615e-01
1.111111111111110716e+00 8.961922010299561148e-01
1.131131131131130729e+00 9.048942188885861215e-01
1.151151151151150742e+00 9.132335661704390484e-01
1.171171171171170755e+00 9.212069005667397059e-01
1.191191191191190768e+00 9.288110264622171375e-01
1.211211211211210781e+00 9.360428962158688915e-01
1.231231231231230794e+00 9.428996113824181791e-01
1.251251251251250807e+00 9.493784238739755299e-01
1.271271271271270820e+00 9.554767370614387634e-01
1.291291291291290833e+00 9.611921068151902947e-01
1.311311311311310845e+00 9.665222424846747762e-01
1.331331331331330858e+00 9.714650078164637215e-01
1.351351351351350871e+00 9.760184218104397402e-01
1.371371371371370884e+00 9.801806595137576572e-01
1.391391391391390897e+00 9.839500527522627715e-01
1.411411411411410910e+00 9.873250907990752667e-01
1.431431431431430923e+00 9.903044209800708764e-01
1.451451451451450936e+00 9.928868492160163317e-01
1.471471471471470949e+00 9.950713405011415436e-01
1.491491491491490962e+00 9.968570193179574490e-01
1.511511511511510975e+00 9.982431699881529896e-01
1.531531531531530987e+00 9.992292369594295565e-01
1.551551551551551000e+00 9.998148250281604366e-01
1.571571571571571013e+00 9.999996994977832232e-01
1.591591591591591026e+00 9.997837862728629066e-01
1.611611611611611039e+00 9.991671718887893405e-01
1.631631631631631052e+00 9.981501034770940972e-01
1.651651651651651065e+00 9.967329886664036964e-01
1.671671671671671078e+00 9.949163954190666237e-01
1.691691691691691091e+00 9.927010518035210840e-01
1.711711711711711104e+00 9.900878457024944179e-01
1.731731731731731116e+00 9.870778244571496440e-01
1.751751751751751129e+00 9.836721944473250101e-01
1.771771771771771142e+00 9.798723206080307557e-01
1.791791791791791155e+00 9.756797258823999286e-01
1.811811811811811168e+00 9.710960906113119684e-01
1.831831831831831181e+00 9.661232518599315311e-01
1.851851851851851194e+00 9.607632026814363346e-01
1.871871871871871207e+00 9.550180913182246822e-01
1.891891891891891220e+00 9.488902203409267377e-01
1.911911911911911233e+00 9.423820457255618344e-01
1.931931931931931246e+00 9.354961758692136309e-01
1.951951951951951258e+00 9.282353705446162451e-01
1.971971971971971271e+00 9.206025397940704735e-01
1.991991991991991284e+00 9.126007427631350755e-01
2.012012012012011297e+00 9.042331864745579706e-01
2.032032032032031310e+00 8.955032245429408455e-01
2.052052052052051323e+00 8.864143558306510906e-01
2.072072072072071336e+00 8.769702230455205250e-01
2.092092092092091349e+00 8.671746112808924600e-01
2.112112112112111362e+00 8.570314464986026337e-01
2.132132132132131375e+00 8.465447939555008627e-01
2.152152152152151388e+00 8.357188565741464625e-01
2.172172172172171400e+00 8.245579732583276922e-01
2.192192192192191413e+00 8.130666171540819054e-01
2.212212212212211426e+00 8.012493938569132945e-01
2.232232232232231439e+00 7.891110395659262089e-01
2.252252252252251452e+00 7.766564191856145660e-01
2.272272272272271465e+00 7.638905243760667485e-01
2.292292292292291478e+00 7.508184715523699149e-01
2.312312312312311491e+00 7.374454998340125300e-01
2.332332332332331504e+00 7.237769689451094557e-01
2.352352352352351517e+00 7.098183570662894848e-01
2.372372372372371530e+00 6.955752586391079628e-01
2.392392392392391542e+00 6.810533821238617946e-01
2.412412412412411555e+00 6.662585477117091148e-01
2.432432432432431568e+00 6.511966849920068912e-01
2.452452452452451581e+00 6.358738305758041554e-01
2.472472472472471594e+00 6.202961256764416564e-01
2.492492492492491607e+00 6.044698136482283823e-01
2.512512512512511620e+00 5.884012374841812720e-01
2.532532532532531633e+00 5.720968372738309826e-01
2.552552552552551646e+00 5.555631476221124521e-01
2.572572572572571659e+00 5.388067950303746523e-01
2.592592592592591672e+00 5.218344952405600257e-01
2.612612612612611684e+00 5.046530505436163105e-01
2.632632632632631697e+00 4.872693470532220572e-01
2.652652652652651710e+00 4.696903519459152965e-01
2.672672672672671723e+00 4.519231106687346955e-01
2.692692692692691736e+00 4.339747441154899188e-01
2.712712712712711749e+00 4.158524457727943435e-01
2.732732732732731762e+00 3.975634788370031591e-01
2.752752752752751775e+00 3.791151733032127602e-01
2.772772772772771788e+00 3.605149230274882766e-01
2.792792792792791801e+00 3.417701827634956335e-01
2.812812812812811814e+00 3.228884651747277457e-01
2.832832832832833603e+00 3.038773378235183342e-01
2.852852852852853616e+00 2.847444201380622264e-01
2.872872872872873629e+00 2.654973803586310188e-01
2.892892892892893641e+00 2.461439324642428483e-01
2.912912912912913654e+00 2.266918330809915838e-01
2.932932932932933667e+00 2.071488783732858552e-01
2.952952952952953680e+00 1.875229009192412033e-01
2.972972972972973693e+00 1.678217665714783202e-01
2.992992992992993706e+00 1.480533713045850963e-01
3.013013013013013719e+00 1.282256380505061855e-01
3.033033033033033732e+00 1.083465135231285043e-01
3.053053053053053745e+00 8.842396503333513347e-02
3.073073073073073758e+00 6.846597729580412850e-02
3.093093093093093771e+00 4.848054922883223566e-02
3.113113113113113783e+00 2.847569074846586015e-02
3.133133133133133796e+00 8.459419558224344493e-03
3.153153153153153809e+00 -1.156024206429791777e-02
3.173173173173173822e+00 -3.157527048266258601e-02
3.193193193193193835e+00 -5.157764391736308074e-02
3.213213213213213848e+00 -7.155934566085608850e-02
3.233233233233233861e+00 -9.151236729056025365e-02
3.253253253253253874e+00 -1.114287118785343284e-01
3.273273273273273887e+00 -1.313003971965484851e-01
3.293293293293293900e+00 -1.511194589152641821e-01
3.313313313313313913e+00 -1.708779537962401840e-01
3.333333333333333925e+00 -1.905679628754858301e-01
3.353353353353353938e+00 -2.101815946372852795e-01
3.373373373373373951e+00 -2.297109881770209583e-01
3.393393393393393964e+00 -2.491483163517281274e-01
3.413413413413413977e+00 -2.684857889171186063e-01
3.433433433433433990e+00 -2.877156556498156048e-01
3.453453453453454003e+00 -3.068302094535490521e-01
3.473473473473474016e+00 -3.258217894480655574e-01
3.493493493493494029e+00 -3.446827840395161324e-01
3.513513513513514042e+00 -3.634056339710901029e-01
3.533533533533534055e+00 -3.819828353526731335e-01
3.553553553553554067e+00 -4.004069426683150579e-01
3.573573573573574080e+00 -4.186705717603019239e-01
3.593593593593594093e+00 -4.367664027886363209e-01
3.613613613613614106e+00 -4.546871831647401052e-01
3.633633633633634119e+00 -4.724257304582036299e-01
3.653653653653654132e+00 -4.899749352754161902e-01
3.673673673673674145e+00 -5.073277641089245504e-01
3.693693693693694158e+00 -5.244772621563765780e-01
3.713713713713714171e+00 -5.414165561079220534e-01
3.733733733733734184e+00 -5.581388569009506639e-01
3.753753753753754197e+00 -5.746374624410661713e-01
3.773773773773774209e+00 -5.909057602882039628e-01
3.793793793793794222e+00 -6.069372303068164554e-01
3.813813813813814235e+00 -6.227254472790638706e-01
3.833833833833834248e+00 -6.382640834799634399e-01
3.853853853853854261e+00 -6.535469112134646430e-01
3.873873873873874274e+00 -6.685678053084331829e-01
3.893893893893894287e+00 -6.833207455735458291e-01
3.913913913913914300e+00 -6.977998192101091401e-01
3.933933933933934313e+00 -7.119992231818373929e-01
3.953953953953954326e+00 -7.259132665406387019e-01
3.973973973973974338e+00 -7.395363727074777405e-01
3.993993993993994351e+00 -7.528630817074006831e-01
4.014014014014014364e+00 -7.658880523578266430e-01
4.034034034034034377e+00 -7.786060644092284155e-01
4.054054054054054390e+00 -7.910120206373448815e-01
4.074074074074074403e+00 -8.031009488860867407e-01
4.094094094094094416e+00 -8.148680040603157870e-01
4.114114114114114429e+00 -8.263084700676998073e-01
4.134134134134134442e+00 -8.374177617088655046e-01
4.154154154154154455e+00 -8.481914265150899412e-01
4.174174174174174468e+00 -8.586251465327962018e-01
4.194194194194194480e+00 -8.687147400541361808e-01
4.214214214214214493e+00 -8.784561632929683839e-01
4.234234234234234506e+00 -8.878455120055582794e-01
4.254254254254254519e+00 -8.968790230553510545e-01
4.274274274274274532e+00 -9.055530759211916081e-01
4.294294294294294545e+00 -9.138641941483847120e-01
4.314314314314314558e+00 -9.218090467420161360e-01
4.334334334334334571e+00 -9.293844495019744079e-01
4.354354354354354584e+00 -9.365873662991399673e-01
4.374374374374374597e+00 -9.434149102922280150e-01
4.394394394394394610e+00 -9.498643450847999992e-01
4.414414414414414622e+00 -9.559330858219774463e-01
4.434434434434434635e+00 -9.616187002264205974e-01
4.454454454454454648e+00 -9.669189095731556272e-01
4.474474474474474661e+00 -9.718315896028593137e-01
4.494494494494494674e+00 -9.763547713732371180e-01
4.514514514514514687e+00 -9.804866420481502809e-01
4.534534534534534700e+00 -9.842255456241792988e-01
4.554554554554554713e+00 -9.875699835943295701e-01
4.574574574574574726e+00 -9.905186155486146449e-01
4.594594594594594739e+00 -9.930702597112764929e-01
4.614614614614614752e+00 -9.952238934144262972e-01
4.634634634634634764e+00 -9.969786535079181444e-01
4.654654654654654777e+00 -9.983338367052883022e-01
4.674674674674674790e+00 -9.992888998656241917e-01
4.694694694694694803e+00 -9.998434602112484804e-01
4.714714714714714816e+00 -9.999972954811321424e-01
4.734734734734734829e+00 -9.997503440199734248e-01
4.754754754754754842e+00 -9.991027048029088586e-01
4.774774774774774855e+00 -9.980546373958451012e-01
4.794794794794794868e+00 -9.966065618514282631e-01
4.814814814814814881e+00 -9.947590585406916874e-01
4.834834834834834894e+00 -9.925128679204504589e-01
4.854854854854854906e+00 -9.898688902365352371e-01
4.874874874874874919e+00 -9.868281851629848722e-01
4.894894894894894932e+00 -9.833919713773418003e-01
4.914914914914914945e+00 -9.795616260722209701e-01
4.934934934934934958e+00 -9.753386844033478109e-01
4.954954954954954971e+00 -9.707248388742866219e-01
4.974974974974974984e+00 -9.657219386581056275e-01
4.994994994994994997e+00 -9.603319888562510398e-01
5.015015015015015010e+00 -9.545571496949267765e-01
5.035035035035035023e+00 -9.483997356593021344e-01
5.055055055055055035e+00 -9.418622145658945843e-01
5.075075075075075048e+00 -9.349472065734982795e-01
5.095095095095095061e+00 -9.276574831330571813e-01
5.115115115115115074e+00 -9.199959658769008009e-01
5.135135135135135087e+00 -9.119657254477897546e-01
5.155155155155155100e+00 -9.035699802682392034e-01
5.175175175175175113e+00 -8.948120952506150028e-01
5.195195195195195126e+00 -8.856955804485170392e-01
5.215215215215215139e+00 -8.762240896499932097e-01
5.235235235235235152e+00 -8.664014189131451493e-01
5.255255255255255165e+00 -8.562315050447147913e-01
5.275275275275275177e+00 -8.457184240222601623e-01
5.295295295295295190e+00 -8.348663893605526853e-01
5.315315315315315203e+00 -8.236797504228526856e-01
5.335335335335335216e+00 -8.121629906777370067e-01
5.355355355355355229e+00 -8.003207259021795084e-01
5.375375375375375242e+00 -7.881577023316039821e-01
5.395395395395395255e+00 -7.756787947576508913e-01
5.415415415415415268e+00 -7.628890045744201043e-01
5.435435435435435281e+00 -7.497934577739731044e-01
5.455455455455455294e+00 -7.363974028918982562e-01
5.475475475475475307e+00 -7.227062089037610271e-01
5.495495495495495319e+00 -7.087253630732842646e-01
5.515515515515515332e+00 -6.944604687531200637e-01
5.535535535535535345e+00 -6.799172431390939630e-01
5.555555555555555358e+00 -6.651015149788224168e-01
5.575575575575575371e+00 -6.500192222356223626e-01
5.595595595595595384e+00 -6.346764097086470269e-01
5.615615615615615397e+00 -6.190792266102048691e-01
5.635635635635635410e+00 -6.032339241012296682e-01
5.655655655655655423e+00 -5.871468527858918485e-01
5.675675675675675436e+00 -5.708244601663532425e-01
5.695695695695695449e+00 -5.542732880586871413e-01
5.715715715715715461e+00 -5.374999699709978040e-01
5.735735735735735474e+00 -5.205112284447916959e-01
5.755755755755755487e+00 -5.033138723606643827e-01
5.775775775775775500e+00 -4.859147942093841599e-01
5.795795795795795513e+00 -4.683209673294660980e-01
5.815815815815815526e+00 -4.505394431123423971e-01
5.835835835835835539e+00 -4.325773481762511530e-01
5.855855855855855552e+00 -4.144418815099742415e-01
5.875875875875875565e+00 -3.961403115875705150e-01
5.895895895895895578e+00 -3.776799734552598875e-01
5.915915915915915591e+00 -3.590682657916262066e-01
5.935935935935935603e+00 -3.403126479423170259e-01
5.955955955955955616e+00 -3.214206369304287714e-01
5.975975975975975629e+00 -3.023998044437755106e-01
5.995995995995995642e+00 -2.832577738002486911e-01
6.016016016016017431e+00 -2.640022168924824886e-01
6.036036036036037444e+00 -2.446408511130596097e-01
6.056056056056057457e+00 -2.251814362614641407e-01
6.076076076076077470e+00 -2.056317714340552549e-01
6.096096096096097483e+00 -1.859996918982827208e-01
6.116116116116117496e+00 -1.662930659524072263e-01
6.136136136136137509e+00 -1.465197917719822385e-01
6.156156156156157522e+00 -1.266877942443615235e-01
6.176176176176177535e+00 -1.068050217925009260e-01
6.196196196196197548e+00 -8.687944318932716570e-02
6.216216216216217560e+00 -6.691904436395081091e-02
6.236236236236237573e+00 -4.693182520100324523e-02
6.256256256256257586e+00 -2.692579633438031694e-02
6.276276276276277599e+00 -6.908975936677920482e-03
6.296296296296297612e+00 1.311061349439389054e-02
6.316316316316317625e+00 3.312494835133023008e-02
6.336336336336337638e+00 5.312600713259549301e-02
6.356356356356357651e+00 7.310577365754343526e-02
6.376376376376377664e+00 9.305624027920471331e-02
6.396396396396397677e+00 1.129694110936541734e-01
6.416416416416417690e+00 1.328373051446717634e-01
6.436436436436437702e+00 1.526519596224125419e-01
6.456456456456457715e+00 1.724054330548037139e-01
6.476476476476477728e+00 1.920898084903900904e-01
6.496496496496497741e+00 2.116971966713515618e-01
6.516516516516517754e+00 2.312197391954215753e-01
6.536536536536537767e+00 2.506496116654391426e-01
6.556556556556557780e+00 2.699790268252715286e-01
6.576576576576577793e+00 2.892002376808520681e-01
6.596596596596597806e+00 3.083055406050805858e-01
6.616616616616617819e+00 3.272872784253436085e-01
6.636636636636637832e+00 3.461378434924156089e-01
6.656656656656657844e+00 3.648496807295121824e-01
6.676676676676677857e+00 3.834152906602728006e-01
6.696696696696697870e+00 4.018272324144596119e-01
6.716716716716717883e+00 4.200781267101672545e-01
6.736736736736737896e+00 4.381606588113496348e-01
6.756756756756757909e+00 4.560675814594765676e-01
6.776776776776777922e+00 4.737917177781468259e-01
6.796796796796797935e+00 4.913259641494929220e-01
6.816816816816817948e+00 5.086632930612243753e-01
6.836836836836837961e+00 5.257967559231688792e-01
6.856856856856857974e+00 5.427194858521831033e-01
6.876876876876877986e+00 5.594247004243152466e-01
6.896896896896897999e+00 5.759057043931181674e-01
6.916916916916918012e+00 5.921558923730225743e-01
6.936936936936938025e+00 6.081687514866948030e-01
6.956956956956958038e+00 6.239378639753192513e-01
6.976976976976978051e+00 6.394569097707574201e-01
6.996996996996998064e+00 6.547196690285543852e-01
7.017017017017018077e+00 6.697200246207765106e-01
7.037037037037038090e+00 6.844519645876820935e-01
7.057057057057058103e+00 6.989095845472415025e-01
7.077077077077078116e+00 7.130870900615411401e-01
7.097097097097098128e+00 7.269787989591242061e-01
7.117117117117118141e+00 7.405791436123352334e-01
7.137137137137138154e+00 7.538826731687576777e-01
7.157157157157158167e+00 7.668840557358490573e-01
7.177177177177178180e+00 7.795780805178986750e-01
7.197197197197198193e+00 7.919596599044508300e-01
7.217217217217218206e+00 8.040238315093569677e-01
7.237237237237238219e+00 8.157657601596401964e-01
7.257257257257258232e+00 8.271807398333731465e-01
7.277277277277278245e+00 8.382641955457942329e-01
7.297297297297298257e+00 8.490116851829060396e-01
7.317317317317318270e+00 8.594189012818204132e-01
7.337337337337338283e+00 8.694816727571370585e-01
7.357357357357358296e+00 8.791959665726636342e-01
7.377377377377378309e+00 8.885578893578078841e-01
7.397397397397398322e+00 8.975636889679926567e-01
7.417417417417418335e+00 9.062097559884699782e-01
7.437437437437438348e+00 9.144926251809306628e-01
7.457457457457458361e+00 9.224089768723291449e-01
7.477477477477478374e+00 9.299556382853685355e-01
7.497497497497498387e+00 9.371295848101106607e-01
7.517517517517518399e+00 9.439279412162031591e-01
7.537537537537538412e+00 9.503479828052363576e-01
7.557557557557558425e+00 9.563871365027699634e-01
7.577577577577578438e+00 9.620429818895890328e-01
7.597597597597598451e+00 9.673132521717791033e-01
7.617617617617618464e+00 9.721958350892295764e-01
7.637637637637638477e+00 9.766887737622014232e-01
7.657657657657658490e+00 9.807902674756210359e-01
7.677677677677678503e+00 9.844986724007848133e-01
7.697697697697698516e+00 9.878125022541858202e-01
7.717717717717718529e+00 9.907304288931979563e-01
7.737737737737738541e+00 9.932512828483791578e-01
7.757757757757758554e+00 9.953740537921809128e-01
7.777777777777778567e+00 9.970978909438749094e-01
7.797797797797798580e+00 9.984221034105357218e-01
7.817817817817818593e+00 9.993461604639424234e-01
7.837837837837838606e+00 9.998696917532874373e-01
7.857857857857858619e+00 9.999924874536093578e-01
7.877877877877878632e+00 9.997144983498877924e-01
7.897897897897898645e+00 9.990358358567681396e-01
7.917917917917918658e+00 9.979567719739081966e-01
7.937937937937938671e+00 9.964777391769636949e-01
7.957957957957958683e+00 9.945993302442577289e-01
7.977977977977978696e+00 9.923222980192020204e-01
7.997997997997998709e+00 9.896475551085666122e-01
8.018018018018018722e+00 9.865761735167184465e-01
8.038038038038038735e+00 9.831093842159744911e-01
8.058058058058058748e+00 9.792485766532438296e-01
8.078078078078078761e+00 9.749952981931534479e-01
8.098098098098098774e+00 9.703512534978838699e-01
8.118118118118118787e+00 9.653183038439612229e-01
8.138138138138138800e+00 9.598984663762801794e-01
8.158158158158158813e+00 9.540939132996569816e-01
8.178178178178178825e+00 9.479069710082360656e-01
8.198198198198198838e+00 9.413401191531000078e-01
8.218218218218218851e+00 9.343959896484549388e-01
8.238238238238238864e+00 9.270773656167921040e-01
8.258258258258258877e+00 9.193871802734457921e-01
8.278278278278278890e+00 9.113285157509964929e-01
8.298298298298298903e+00 9.029046018639897975e-01
8.318318318318318916e+00 8.941188148144662007e-01
8.338338338338338929e+00 8.849746758388200574e-01
8.358358358358358942e+00 8.754758497965312580e-01
8.378378378378378954e+00 8.656261437013342830e-01
8.398398398398398967e+00 8.554295051954132756e-01
8.418418418418418980e+00 8.448900209672349781e-01
8.438438438438438993e+00 8.340119151136543563e-01
8.458458458458459006e+00 8.227995474469474990e-01
8.478478478478479019e+00 8.112574117474524726e-01
8.498498498498499032e+00 7.993901339625163471e-01
8.518518518518519045e+00 7.872024703524722611e-01
8.538538538538539058e+00 7.746993055843883758e-01
8.558558558558559071e+00 7.618856507743523299e-01
8.578578578578579084e+00 7.487666414790774549e-01
8.598598598598599096e+00 7.353475356376337757e-01
8.618618618618619109e+00 7.216337114641304673e-01
8.638638638638639122e+00 7.076306652921932061e-01
8.658658658658659135e+00 6.933440093721001674e-01
8.678678678678679148e+00 6.787794696214610735e-01
8.698698698698699161e+00 6.639428833303386845e-01
8.718718718718719174e+00 6.488401968217344384e-01
8.738738738738739187e+00 6.334774630683743801e-01
8.758758758758759200e+00 6.178608392667517268e-01
8.778778778778779213e+00 6.019965843693972918e-01
8.798798798798799226e+00 5.858910565763677525e-01
8.818818818818819238e+00 5.695507107869561825e-01
8.838838838838839251e+00 5.529820960126476947e-01
8.858858858858859264e+00 5.361918527523549249e-01
8.878878878878879277e+00 5.191867103309871778e-01
8.898898898898899290e+00 5.019734842024189403e-01
8.918918918918919303e+00 4.845590732179390070e-01
8.938938938938939316e+00 4.669504568612750095e-01
8.958958958958959329e+00 4.491546924513014627e-01
8.978978978978979342e+00 4.311789123135519874e-01
8.998998998998999355e+00 4.130303209216707461e-01
9.019019019019019368e+00 3.947161920099465093e-01
9.039039039039039380e+00 3.762438656580892049e-01
9.059059059059059393e+00 3.576207453494149036e-01
9.079079079079079406e+00 3.388542950036202983e-01
9.099099099099099419e+00 3.199520359853344487e-01
9.119119119119119432e+00 3.009215440896473859e-01
9.139139139139139445e+00 2.817704465058241126e-01
9.159159159159159458e+00 2.625064187604196353e-01
9.179179179179179471e+00 2.431371816410217712e-01
9.199199199199199484e+00 2.236704981018534655e-01
9.219219219219219497e+00 2.041141701524753216e-01
9.239239239239239510e+00 1.844760357308351806e-01
9.259259259259259522e+00 1.647639655619182186e-01
9.279279279279279535e+00 1.449858600032561395e-01
9.299299299299299548e+00 1.251496458785602839e-01
9.319319319319319561e+00 1.052632733007471677e-01
9.339339339339339574e+00 8.533471248563014033e-02
9.359359359359359587e+00 6.537195055755400108e-02
9.379379379379379600e+00 4.538298834825287009e-02
9.399399399399399613e+00 2.537583719021436687e-02
9.419419419419419626e+00 5.358515705835087753e-03
9.439439439439439639e+00 -1.466095340634547030e-02
9.459459459459459651e+00 -3.467454658704476750e-02
9.479479479479479664e+00 -5.467424263198199935e-02
9.499499499499499677e+00 -7.465202590667903426e-02
9.519519519519519690e+00 -9.459988955902906560e-02
9.539539539539539703e+00 -1.145098387283453312e-01
9.559559559559559716e+00 -1.343738937496038732e-01
9.579579579579579729e+00 -1.541840933515961076e-01
9.599599599599599742e+00 -1.739324978477091721e-01
9.619619619619619755e+00 -1.936111923180557359e-01
9.639639639639639768e+00 -2.132122897816773610e-01
9.659659659659659781e+00 -2.327279343575503756e-01
9.679679679679679793e+00 -2.521503044131273019e-01
9.699699699699699806e+00 -2.714716156991517915e-01
9.719719719719719819e+00 -2.906841244694909898e-01
9.739739739739739832e+00 -3.097801305847344699e-01
9.759759759759759845e+00 -3.287519805983165622e-01
9.779779779779779858e+00 -3.475920708239240708e-01
9.799799799799799871e+00 -3.662928503829614435e-01
9.819819819819819884e+00 -3.848468242308508702e-01
9.839839839839839897e+00 -4.032465561609546167e-01
9.859859859859859910e+00 -4.214846717849161650e-01
9.879879879879879923e+00 -4.395538614882251727e-01
9.899899899899899935e+00 -4.574468833598220874e-01
9.919919919919919948e+00 -4.751565660945675229e-01
9.939939939939939961e+00 -4.926758118674142706e-01
9.959959959959959974e+00 -5.099975991781289242e-01
9.979979979979979987e+00 -5.271149856654234744e-01
1.000000000000000000e+01 -5.440211108893697745e-01
